camera_matrix:
- - 1067.5310747473934
  - 0.0
  - 474.6016795749385
- - 0.0
  - 1065.1288396601742
  - 654.6335850587519
- - 0.0
  - 0.0
  - 1.0
dist_coeff:
- - 0.3099177979288065
  - -2.1009520024135426
  - 0.010592111667238812
  - -0.004429495196938346
  - 3.3186840994256066
